"Scaffolds" "Genes" "n=1_copy" "n=2_copies" "n=3_copies" "n=4_copies" "n=5_copies" "n>5_copies" "n=0_copy"
"6666666.673108.txt" 1 2545 0.774459724950884 0.138703339882122 0.0416502946954813 0.0153241650294695 0.00550098231827112 0.0243614931237721 3.02750491159136
"6666666.673110.txt" 1 2535 0.82879684418146 0.110059171597633 0.0272189349112426 0.0106508875739645 0.00670611439842209 0.0165680473372781 3.04339250493097
"6666666.673028.txt" 1 2694 0.812546399406088 0.103934669636229 0.03637713437268 0.0170749814402376 0.0066815144766147 0.0233853006681514 2.80475129918337
"6666666.673088.txt" 1 2806 0.811475409836066 0.109408410548824 0.0302922309337135 0.0181753385602281 0.00819672131147541 0.0224518888096935 2.65288667141839
"6666666.688660.txt" 1 2823 0.834573149132129 0.103081827842721 0.0283386468296139 0.0116896918172157 0.00708466170740347 0.0152320226709175 2.63088912504428
"6666666.688653.txt" 1 2804 0.824893009985735 0.111269614835949 0.0281740370898716 0.00927246790299572 0.00962910128388017 0.0167617689015692 2.65549215406562
"6666666.688657.txt" 1 2799 0.832082886745266 0.10896748838871 0.0246516613076099 0.0103608431582708 0.007502679528403 0.0164344408717399 2.66202215076813
"6666666.879419.txt" 1 2810 0.81067615658363 0.118505338078292 0.0316725978647687 0.0138790035587189 0.00711743772241993 0.0181494661921708 2.64768683274021
"6666666.688661.txt" 1 2789 0.843671566869846 0.102545715310147 0.0222301900322696 0.0107565435640014 0.00645392613840086 0.0143420580853352 2.67515238436716
"6666666.673196.txt" 1 2634 0.836370539104024 0.105163249810175 0.0273348519362187 0.00949126803340926 0.0064540622627183 0.0151860288534548 2.8914198936978
"6666666.673195.txt" 1 2632 0.834726443768997 0.107142857142857 0.0269756838905775 0.00949848024316109 0.00645896656534954 0.0151975683890578 2.89437689969605
"6666666.688673.txt" 1 2440 0.865983606557377 0.0852459016393443 0.0233606557377049 0.00860655737704918 0.00450819672131148 0.0122950819672131 3.20081967213115
"6666666.673114.txt" 1 2742 0.811816192560175 0.113056163384391 0.0328227571115974 0.0113056163384391 0.00583515681983953 0.025164113785558 2.7381473377097
"6666666.673112.txt" 1 2676 0.821748878923767 0.10762331838565 0.0302690582959641 0.00971599402092676 0.00635276532137519 0.0242899850523169 2.83034379671151
"6666666.688677.txt" 1 2121 0.865157944365865 0.0862800565770863 0.0216878830740217 0.00801508722300802 0.00518623290900519 0.0136727958510137 3.83262611975483
"6666666.688674.txt" 1 2261 0.844758956214065 0.0906678460858027 0.0296329057938965 0.00928792569659443 0.00973020787262273 0.015922158337019 3.53339230429014
"6666666.974107.txt" 1 2741 0.825246260488873 0.113827070412258 0.0277271068952937 0.00948558920102152 0.00802626778547975 0.0156877052170741 2.73951112732579
"6666666.974109.txt" 1 2779 0.831234256926952 0.111191075926592 0.0241093918675783 0.00755667506297229 0.00899604174163368 0.0169125584742713 2.68837711406981
"6666666.974110.txt" 1 2776 0.828890489913545 0.109870317002882 0.0277377521613833 0.0100864553314121 0.00720461095100865 0.0162103746397695 2.69236311239193
"6666666.673120.txt" 2 2759 0.808263863718739 0.101486045668721 0.0384197172888728 0.0163102573396158 0.0115984052192823 0.0239217107647698 2.71511417180138
"6666666.673106.txt" 2 2683 0.836749906820723 0.101006336190831 0.0283265001863586 0.0108087961237421 0.00708162504658964 0.0160268356317555 2.82035035408125
"6666666.688638.txt" 3 2971 0.808481992595086 0.117468865701784 0.0356782228205991 0.012117132278694 0.00908784920902053 0.0171659373948166 2.45001682935039
"6666666.688637.txt" 3 2942 0.810673011556764 0.127464309993202 0.0288919102651258 0.00917743031951054 0.00713800135961931 0.0166553365057784 2.48402447314752
"6666666.688641.txt" 3 2880 0.829166666666667 0.111805555555556 0.0263888888888889 0.0104166666666667 0.00659722222222222 0.015625 2.55902777777778
"6666666.673020.txt" 3 3044 0.807161629434954 0.106438896189225 0.040407358738502 0.0177398160315375 0.0068988173455979 0.021353482260184 2.36727989487516
"6666666.974095.txt" 3 2494 0.836006415396953 0.103849238171612 0.028869286287089 0.0116279069767442 0.00400962309542903 0.0156375300721732 3.10986367281476
"6666666.974104.txt" 3 2805 0.837789661319073 0.106951871657754 0.0249554367201426 0.00855614973262032 0.00819964349376114 0.0135472370766488 2.6541889483066
"6666666.673122.txt" 4 2713 0.814964983413196 0.107261334316255 0.0342793955031331 0.0162182086251382 0.00921489126428308 0.0180611868779948 2.77810541835606
"6666666.673078.txt" 4 2689 0.836370397917441 0.111565637783563 0.0238006693938267 0.00892525102268501 0.00520639642989959 0.0141316474525846 2.81182595760506
"6666666.688669.txt" 4 2511 0.853046594982079 0.0872162485065711 0.026284348864994 0.0135404221425727 0.00517722023098367 0.0147351652727997 3.08203902827559
"6666666.673027.txt" 4 2389 0.861029719547928 0.0904143993302637 0.0175805776475513 0.0121389702804521 0.0046044370029301 0.0142318961908748 3.29049811636668
"6666666.974098.txt" 4 2783 0.833273445921667 0.108515989938915 0.0265900107797341 0.00826446280991736 0.00934243621990658 0.0140136543298599 2.68307581746317
"6666666.974100.txt" 4 2631 0.846826301786393 0.106803496769289 0.0182440136830103 0.00684150513112885 0.00798175598631699 0.0133029266438616 2.89585708855948
"6666666.974101.txt" 4 2631 0.847206385404789 0.106423413150893 0.0182440136830103 0.00684150513112885 0.00760167236792094 0.0136830102622577 2.89585708855948
"6666666.974103.txt" 4 2631 0.846826301786393 0.106043329532497 0.0190041809198024 0.00684150513112885 0.00760167236792094 0.0136830102622577 2.89585708855948
"6666666.974106.txt" 4 2884 0.807905686546463 0.122399445214979 0.0305131761442441 0.0131761442441054 0.00693481276005548 0.0190707350901526 2.55409153952843
"6666666.688625.txt" 5 2987 0.810847003682625 0.118513558754603 0.032808838299297 0.0117174422497489 0.00636089722129227 0.0197522597924339 2.43153665885504
"6666666.673102.txt" 5 2941 0.795307718463108 0.120027201632098 0.0360421625297518 0.0112206732403944 0.00986059163549813 0.02754165249915 2.48520911254675
"6666666.974105.txt" 5 2881 0.807705657757723 0.122179798681014 0.0312391530718501 0.01249566122874 0.00728913571676501 0.0190905935439084 2.55779243318292
"6666666.673198.txt" 6 2771 0.8018765788524 0.10826416456153 0.0378924575965355 0.0187657885239986 0.00757849151930711 0.0256225189462288 2.69902562251895
"6666666.688640.txt" 6 2779 0.821158690176322 0.118747750989565 0.0291471752428931 0.0068369917236416 0.0068369917236416 0.0172724001439367 2.68837711406981
"6666666.673080.txt" 6 2887 0.798753030827849 0.122965015587115 0.0349844128853481 0.0107377900935227 0.00623484586075511 0.0263249047454105 2.55039833737444
"6666666.688605.txt" 6 2865 0.743804537521815 0.12216404886562 0.043630017452007 0.0286212914485166 0.0174520069808028 0.0443280977312391 2.57766143106457
"6666666.974091.txt" 6 2898 0.803312629399586 0.117667356797792 0.036231884057971 0.0120772946859903 0.00345065562456867 0.0272601794340925 2.53692201518288
"6666666.673200.txt" 7 2770 0.803249097472924 0.107220216606498 0.0375451263537906 0.0184115523465704 0.0072202166064982 0.0263537906137184 2.70036101083033
"6666666.974108.txt" 7 2539 0.826309570697125 0.106734935013785 0.032296179598267 0.0102402520677432 0.00551398188263096 0.018905080740449 3.03702244978338
"6666666.673022.txt" 8 3116 0.783697047496791 0.112002567394095 0.0439666238767651 0.021181001283697 0.00930680359435173 0.0298459563543004 2.28947368421053
"6666666.688717.txt" 8 2474 0.824979789814066 0.0990299110751819 0.0319320937752627 0.0137429264349232 0.00889248181083266 0.0214227970897332 3.14308811641067
"6666666.673126.txt" 9 2963 0.781977725278434 0.116773540330746 0.0391495106311171 0.0205872426594668 0.0128248396895039 0.0286871414107324 2.45933175835302
"6666666.673021.txt" 9 2954 0.802301963439404 0.111035883547732 0.0382532159783345 0.0152335815842925 0.00947867298578199 0.023696682464455 2.46987136086662
"6666666.688721.txt" 10 2314 0.84485738980121 0.0916162489196197 0.0272255834053587 0.0108038029386344 0.00691443388072602 0.0185825410544512 3.4295592048401
"6666666.673041.txt" 14 2331 0.854997854997855 0.096954096954097 0.0205920205920206 0.0102960102960103 0.00600600600600601 0.0111540111540112 3.3972543972544
"6666666.688723.txt" 16 2108 0.888045540796964 0.0697343453510436 0.019449715370019 0.00569259962049336 0.00332068311195446 0.0137571157495256 3.86242884250474
"6666666.688720.txt" 17 2403 0.841864336246359 0.0932168123179359 0.0324594257178527 0.00873907615480649 0.00624219725343321 0.017478152309613 3.26550145651269
"6666666.688621.txt" 18 2740 0.781021897810219 0.118248175182482 0.0448905109489051 0.0182481751824818 0.0102189781021898 0.0273722627737226 2.74087591240876
"6666666.688667.txt" 20 2334 0.845758354755784 0.0848329048843188 0.0244215938303342 0.0162810625535561 0.0077120822622108 0.0209940017137961 3.39160239931448
"6666666.688707.txt" 25 2714 0.822033898305085 0.0998526160648489 0.0364775239498895 0.0132645541635962 0.00884303610906411 0.0195283714075166 2.77671333824613
"6666666.688715.txt" 29 2613 0.852277076157673 0.0887868350554918 0.0290853425181783 0.0133945656333716 0.00382701875239189 0.0126291618828932 2.92269422120168
"6666666.688712.txt" 30 2821 0.831619992910316 0.108826657213754 0.0280042538107054 0.0102800425381071 0.00354484225451967 0.0177242112725984 2.63346331088267
"6666666.688645.txt" 30 2776 0.807276657060519 0.125 0.0288184438040346 0.0151296829971182 0.00756484149855908 0.0162103746397695 2.69236311239193
"6666666.688676.txt" 30 2173 0.868384721583065 0.082374597330879 0.0216290842153705 0.00966405890473999 0.00414173953060285 0.0138057984353428 3.71698113207547
"6666666.673040.txt" 31 2371 0.866301138760017 0.0843525938422607 0.0244622522142556 0.00843525938422606 0.00379586672290173 0.0126528890763391 3.32307043441586
"6666666.673039.txt" 32 2441 0.843097091356002 0.100778369520688 0.0299057763211798 0.00901269971323228 0.00368701351904957 0.0135190495698484 3.19909873002868
"6666666.688722.txt" 32 2173 0.867464335020709 0.0837551771744132 0.0225494707777266 0.00828347906120571 0.00460193281178095 0.0133456051541647 3.71698113207547
"6666666.673053.txt" 34 2379 0.866330390920555 0.0882723833543506 0.0176544766708701 0.0105086170659941 0.00462379150903741 0.0126103404791929 3.30853299705759
"6666666.688671.txt" 34 2363 0.837494710114262 0.101142615319509 0.022852306390182 0.0110029623360135 0.00973338975878121 0.0177740160812526 3.3377063055438
"6666666.688655.txt" 35 2808 0.834401709401709 0.107549857549858 0.0284900284900285 0.0113960113960114 0.00427350427350427 0.0138888888888889 2.6502849002849
"6666666.673051.txt" 35 2271 0.875385292822545 0.0845442536327609 0.0189343901365037 0.00660501981505945 0.00352267723469837 0.0110083663584324 3.51343020695729
"6666666.673059.txt" 35 2271 0.878027300748569 0.0823425803610744 0.0176133861734919 0.00792602377807133 0.00308234258036107 0.0110083663584324 3.51343020695729
"6666666.673037.txt" 35 2423 0.848534874122988 0.102352455633512 0.0210482872472142 0.00907965332232769 0.00536524969046636 0.0136194799834915 3.2302930251754
"6666666.673066.txt" 36 2265 0.881236203090508 0.0794701986754967 0.0167770419426049 0.00706401766004415 0.00353200883002208 0.0119205298013245 3.52538631346578
"6666666.673048.txt" 36 2382 0.866918555835432 0.0801847187237615 0.0230898404701931 0.0138539042821159 0.00293870696893367 0.0130142737195634 3.30310663308144
"6666666.688668.txt" 36 2441 0.82916837361737 0.103236378533388 0.0299057763211798 0.00737402703809914 0.008603031544449 0.0217124129455141 3.19909873002868
"6666666.688709.txt" 37 2850 0.832982456140351 0.106315789473684 0.0298245614035088 0.00912280701754386 0.00666666666666667 0.0150877192982456 2.59649122807018
"6666666.673055.txt" 39 2703 0.846466888642249 0.102848686644469 0.0203477617462079 0.0107288198298187 0.0048094709581946 0.0147983721790603 2.7920828708842
"6666666.673049.txt" 40 2416 0.848923841059603 0.0931291390728477 0.0269039735099338 0.0107615894039735 0.00579470198675497 0.0144867549668874 3.24254966887417
"6666666.673042.txt" 41 2355 0.86072186836518 0.0934182590233546 0.0182590233545648 0.0106157112526539 0.0059447983014862 0.0110403397027601 3.35244161358811
"6666666.673047.txt" 41 2427 0.854140914709518 0.096003296250515 0.0226617222908941 0.00824062628759786 0.00370828182941904 0.015245158632056 3.2233209723939
"6666666.673128.txt" 43 2866 0.81297976273552 0.109211444521982 0.0314026517794836 0.0136078157711096 0.0108164689462666 0.0219818562456385 2.57641311933008
"6666666.673064.txt" 44 2577 0.83779588668995 0.110205665502522 0.0221187427240978 0.00931315483119907 0.00543267365153279 0.0151338766006985 2.97749320915794
"6666666.673038.txt" 44 2460 0.844715447154472 0.090650406504065 0.0260162601626016 0.017479674796748 0.00447154471544715 0.0166666666666667 3.16666666666667
"6666666.879407.txt" 46 2606 0.825019186492709 0.102839600920952 0.035686876438987 0.0157329240214889 0.00537221795855718 0.0153491941673062 2.93323100537222
"6666666.673063.txt" 46 2365 0.866807610993658 0.0866807610993657 0.0207188160676533 0.0109936575052854 0.00295983086680761 0.0118393234672304 3.33403805496829
"6666666.673204.txt" 47 2618 0.825439266615737 0.0985485103132162 0.0271199388846448 0.0221543162719633 0.00572956455309397 0.0210084033613445 2.91520244461421
"6666666.879415.txt" 47 2419 0.87474162877222 0.0826787928896238 0.0181893344357172 0.00909466721785862 0.00330715171558495 0.0119884249689955 3.23728813559322
"6666666.673222.txt" 48 2626 0.83015993907083 0.0967250571210967 0.0338918507235339 0.0152322924600152 0.00761614623000762 0.0163747143945164 2.9032749428789
"6666666.673061.txt" 48 2439 0.852808528085281 0.0910209102091021 0.026650266502665 0.011070110701107 0.003690036900369 0.014760147601476 3.20254202542025
"6666666.673050.txt" 49 2486 0.842316975060338 0.0941271118262269 0.0309734513274336 0.00965406275140788 0.00643604183427192 0.0164923572003218 3.12308930008045
"6666666.688708.txt" 52 2814 0.819474058280028 0.115849324804549 0.0287846481876333 0.0145700071073205 0.00604122245913291 0.0152807391613362 2.64250177683014
"6666666.688710.txt" 52 2757 0.832063837504534 0.107363075807037 0.0272034820457018 0.0123322451940515 0.00580340950308306 0.015233949945593 2.71780921291259
"6666666.673045.txt" 52 2447 0.854515733551287 0.08336738863915 0.0241111565181855 0.018389865140989 0.0044953003677973 0.0151205557825909 3.18880261544749
"6666666.879397.txt" 54 2485 0.856338028169014 0.0941649899396378 0.021327967806841 0.0112676056338028 0.00442655935613682 0.0124748490945674 3.12474849094567
"6666666.673054.txt" 54 2402 0.847626977518734 0.0986677768526228 0.025811823480433 0.00957535387177352 0.00624479600333056 0.0120732722731057 3.26727726894255
"6666666.673044.txt" 55 2418 0.853598014888337 0.0938792390405294 0.0268817204301075 0.00744416873449132 0.00372208436724566 0.0144747725392887 3.23904052936311
"6666666.879421.txt" 56 2642 0.849356548069644 0.0957607872823618 0.022331566994701 0.012112036336109 0.00529901589704769 0.0151400454201363 2.87963663890992
"6666666.673212.txt" 56 2829 0.797101449275362 0.125839519264758 0.0339342523860021 0.0127253446447508 0.00600919052668788 0.024390243902439 2.6231884057971
"6666666.974094.txt" 57 2815 0.827353463587922 0.10550621669627 0.0273534635879218 0.013854351687389 0.00959147424511545 0.0163410301953819 2.64120781527531
"6666666.688716.txt" 58 2651 0.844586948321388 0.105997736703131 0.023764617125613 0.010184835910977 0.00377216144851 0.011693700490381 2.86646548472275
"6666666.673118.txt" 59 2461 0.846810239739943 0.0971149939049167 0.0255993498577814 0.0117838277123121 0.00609508329947176 0.012596505485575 3.16497358797237
"6666666.673116.txt" 61 2571 0.839362115908207 0.103850641773629 0.0264488525865422 0.0108907040062233 0.00505639828860366 0.014391287436795 2.98677557370673
"6666666.879394.txt" 61 2411 0.86395686437163 0.0866860223973455 0.0228121111571962 0.0103691414350892 0.00580671920364994 0.0103691414350892 3.25134798838656
"6666666.673043.txt" 61 2389 0.858518208455421 0.0883214734198409 0.0255336961071578 0.0104646295521139 0.00502302218501465 0.0121389702804521 3.29049811636668
"6666666.673046.txt" 63 2369 0.86492190797805 0.0899113550021106 0.0189953566905867 0.0122414520894892 0.00379907133811735 0.0101308569016463 3.32672013507809
"6666666.673100.txt" 63 2461 0.846810239739943 0.0971149939049167 0.0251930109711499 0.0117838277123121 0.00650142218610321 0.012596505485575 3.16497358797237
"6666666.688663.txt" 64 2651 0.844586948321388 0.0969445492267069 0.029045643153527 0.00792153904187099 0.00641267446246699 0.01508864579404 2.86646548472275
"6666666.673068.txt" 64 2460 0.847154471544715 0.0951219512195122 0.0280487804878049 0.00975609756097561 0.0024390243902439 0.017479674796748 3.16666666666667
"6666666.879395.txt" 67 2471 0.857547551598543 0.0866046135167948 0.027923917442331 0.0125455281262647 0.00445163901254553 0.0109267503035208 3.14811817078106
"6666666.673189.txt" 67 2738 0.814828341855369 0.107012417823229 0.0314097881665449 0.0175310445580716 0.00949598246895544 0.0197224251278305 2.7436084733382
"6666666.673208.txt" 69 2845 0.814059753954306 0.106854130052724 0.0298769771528998 0.0172231985940246 0.010896309314587 0.0210896309314587 2.60281195079086
"6666666.673214.txt" 69 2816 0.817826704545455 0.104403409090909 0.0316051136363636 0.0142045454545455 0.00958806818181818 0.0223721590909091 2.63991477272727
"6666666.688719.txt" 73 2364 0.831218274111675 0.10321489001692 0.0274957698815567 0.00888324873096447 0.00761421319796954 0.0215736040609137 3.33587140439932
"6666666.673052.txt" 74 2421 0.849648905410987 0.090458488228005 0.0297397769516729 0.00991325898389095 0.0053696819496076 0.0148698884758364 3.23378769103676
"6666666.673202.txt" 77 2776 0.811239193083574 0.107348703170029 0.029178674351585 0.0180115273775216 0.0104466858789625 0.0237752161383285 2.69236311239193
"6666666.673220.txt" 77 2269 0.870427501101807 0.0859409431467607 0.0189510797708242 0.0114587924195681 0.00220361392684002 0.0110180696342001 3.51740855002204
"6666666.673182.txt" 80 2585 0.832882011605416 0.10174081237911 0.0297872340425532 0.0154738878143133 0.00618955512572534 0.013926499032882 2.96518375241779
"6666666.673210.txt" 80 2826 0.812809624911536 0.103680113234253 0.0346779900920028 0.0166312809624912 0.00990799716914367 0.0222929936305732 2.62703467799009
"6666666.688651.txt" 80 2482 0.825543916196616 0.0983078162771958 0.032634971796938 0.0149073327961322 0.00684931506849315 0.0217566478646253 3.12973408541499
"6666666.673218.txt" 81 2686 0.817944899478779 0.0990320178704393 0.0335070737155622 0.0186150409530901 0.00856291883842144 0.0223380491437081 2.81608339538347
"6666666.688750.txt" 81 2696 0.841617210682493 0.11053412462908 0.0178041543026706 0.00964391691394659 0.00519287833827893 0.0152077151335312 2.80192878338279
"6666666.688718.txt" 81 2367 0.831009716941276 0.103506548373469 0.0278833967046895 0.00929446556822983 0.00760456273764259 0.0207013096746937 3.33037600337981
"6666666.879409.txt" 82 2418 0.86848635235732 0.0847808105872622 0.0231596360628619 0.00661703887510339 0.00620347394540943 0.010752688172043 3.23904052936311
"6666666.673228.txt" 83 2745 0.807285974499089 0.104189435336976 0.0378870673952641 0.0178506375227687 0.0087431693989071 0.0240437158469945 2.73406193078324
"6666666.673206.txt" 84 2841 0.812038014783527 0.107004575853573 0.0299190425906371 0.0179514255543823 0.00844772967265047 0.0246392115452306 2.60788454769447
"6666666.673216.txt" 84 2764 0.808610709117221 0.114327062228654 0.0383502170767004 0.0115774240231548 0.00578871201157742 0.0213458755426917 2.70839363241679
"6666666.673104.txt" 85 2843 0.805135420330637 0.109743228983468 0.0334154062609919 0.0179387970453746 0.0105522335561027 0.023214913823426 2.60534646500176
"6666666.672890.txt" 85 2905 0.79552495697074 0.116351118760757 0.0416523235800344 0.0134251290877797 0.00791738382099828 0.0251290877796902 2.52839931153184
"6666666.879411.txt" 86 2569 0.84974698326197 0.0984818995718178 0.0253016738030362 0.0101206695212145 0.00272479564032698 0.0136239782016349 2.98987933047879
"6666666.673193.txt" 88 2961 0.784869976359338 0.127321850726106 0.0408645727794664 0.0118203309692671 0.00742992232353934 0.027693346842283 2.46166835528538
"6666666.673036.txt" 92 2722 0.813005143277002 0.10470242468773 0.0341660543717855 0.017634092578986 0.00734753857457752 0.0231447465099192 2.76561351947098
"6666666.688713.txt" 94 2529 0.809015421115065 0.105970739422697 0.033214709371293 0.0154211150652432 0.011071569790431 0.0253064452352709 3.05298536971135
"6666666.879412.txt" 95 2521 0.843712812376041 0.089646965489885 0.032130107100357 0.0158667195557319 0.00476001586671956 0.0138833796112654 3.06584688615629
"6666666.688630.txt" 95 2887 0.815725666782127 0.103221337028057 0.0325597506061656 0.0159334949774853 0.00831312781434015 0.0242466227918254 2.55039833737444
"6666666.688647.txt" 97 2861 0.833974134917861 0.103809856693464 0.0290108353722475 0.0111849003844809 0.00664103460328556 0.0153792380286613 2.58266340440405
"6666666.673057.txt" 98 2849 0.802386802386802 0.111969111969112 0.0358020358020358 0.0136890136890137 0.0101790101790102 0.025974025974026 2.5977535977536
"6666666.673226.txt" 99 2845 0.811599297012302 0.108260105448155 0.0295254833040422 0.0172231985940246 0.0123022847100176 0.0210896309314587 2.60281195079086
"6666666.673134.txt" 102 2909 0.782743210725335 0.126160192506016 0.0381574424200756 0.015125472671021 0.0113441045032657 0.0264695771742867 2.52354761086284
"6666666.673141.txt" 103 2241 0.875502008032129 0.0825524319500223 0.0218652387327086 0.00490852298081214 0.0035698348951361 0.0116019634091923 3.57385095939313
"6666666.673138.txt" 103 2905 0.776247848537005 0.127710843373494 0.0402753872633391 0.0151462994836489 0.0113597246127367 0.0292598967297762 2.52839931153184
"6666666.673184.txt" 111 2659 0.824746145167356 0.105678826626551 0.0267017675817977 0.0184279804437759 0.00564121850319669 0.0188040616773223 2.85483264385107
"6666666.673136.txt" 111 2556 0.843505477308294 0.104460093896714 0.0238654147104851 0.00860719874804382 0.00352112676056338 0.0160406885758998 3.01017214397496
"6666666.879406.txt" 112 2311 0.866291648636954 0.0908697533535266 0.0212029424491562 0.00778883600173085 0.00346170488965816 0.0103851146689745 3.43530938987451
"6666666.673070.txt" 112 2586 0.818252126836814 0.104795050270688 0.0301624129930394 0.0177880897138438 0.00889404485692189 0.020108275328693 2.96365042536736
"6666666.879403.txt" 114 2738 0.819211102994887 0.111395178962747 0.029218407596786 0.012417823228634 0.00949598246895544 0.0182615047479912 2.7436084733382
"6666666.688658.txt" 116 2746 0.837581937363438 0.107793153678077 0.0265841223597961 0.00910415149308084 0.00509832483612527 0.0138383102694829 2.73270211216315
"6666666.673145.txt" 118 2312 0.862889273356401 0.0895328719723183 0.0211937716262976 0.00951557093425606 0.00475778546712803 0.0121107266435986 3.43339100346021
"6666666.879418.txt" 118 2739 0.833515881708653 0.103322380430814 0.0288426433004746 0.0116830960204454 0.00620664476086163 0.0164293537787514 2.74224169404892
"6666666.688753.txt" 119 2504 0.846645367412141 0.0950479233226837 0.0255591054313099 0.0103833865814696 0.00838658146964856 0.0139776357827476 3.09345047923323
"6666666.673023.txt" 121 2689 0.815544812197843 0.108590554109334 0.0323540349572332 0.01785050204537 0.00669393826701376 0.0189661584232057 2.81182595760506
"6666666.688622.txt" 124 3006 0.807717897538257 0.1187624750499 0.0312707917498337 0.0169660678642715 0.00698602794411178 0.0182967398536261 2.40984697272122
"6666666.688752.txt" 128 2517 0.851410409217322 0.0933651172030195 0.0242352006356774 0.0103297576479936 0.00635677393722686 0.0143027413587604 3.07230830353596
"6666666.673224.txt" 129 2761 0.808040565012677 0.104310032596885 0.035132198478812 0.0177471930459978 0.00977906555595799 0.0249909453096704 2.7124230351322
"6666666.688628.txt" 129 2918 0.806374228923921 0.104866346812886 0.0301576422206991 0.0185058259081563 0.0130226182316655 0.0270733379026731 2.51267991775189
"6666666.673234.txt" 132 2680 0.82089552238806 0.111567164179104 0.0294776119402985 0.0123134328358209 0.00858208955223881 0.0171641791044776 2.82462686567164
"6666666.688746.txt" 133 2592 0.840277777777778 0.0875771604938272 0.0316358024691358 0.0173611111111111 0.00694444444444444 0.0162037037037037 2.95447530864198
"6666666.673098.txt" 137 2495 0.832464929859719 0.0981963927855711 0.0308617234468938 0.0132264529058116 0.00561122244488978 0.0196392785571142 3.10821643286573
"6666666.688634.txt" 138 2780 0.80431654676259 0.105395683453237 0.0384892086330935 0.0190647482014388 0.00863309352517986 0.0241007194244604 2.68705035971223
"6666666.688748.txt" 142 2600 0.835384615384615 0.101153846153846 0.025 0.0146153846153846 0.00538461538461538 0.0184615384615385 2.94230769230769
"6666666.879413.txt" 143 2810 0.805693950177936 0.106761565836299 0.0323843416370107 0.0185053380782918 0.0103202846975089 0.0263345195729537 2.64768683274021
"6666666.974097.txt" 144 2431 0.853558206499383 0.0909090909090909 0.0275606746194981 0.00946112710818593 0.00617030028794735 0.0123406005758947 3.21637186343069
"6666666.688749.txt" 145 2603 0.825585862466385 0.106415674222051 0.0280445639646562 0.0130618517095659 0.0107568190549366 0.0161352285824049 2.93776411832501
"6666666.688751.txt" 147 2556 0.848982785602504 0.087245696400626 0.0316901408450704 0.0121283255086072 0.00586854460093897 0.0140845070422535 3.01017214397496
"6666666.673086.txt" 149 2856 0.809173669467787 0.114495798319328 0.0343137254901961 0.0105042016806723 0.00700280112044818 0.0245098039215686 2.58893557422969
"6666666.879398.txt" 150 2567 0.84690299961044 0.0931047915855084 0.0264900662251656 0.0074016361511492 0.00895987534086482 0.0171406310868718 2.99298792364628
"6666666.688706.txt" 165 2858 0.811056682995101 0.10776766969909 0.0325402379286214 0.0157452764170749 0.00839748075577327 0.0244926522043387 2.58642407277817
"6666666.688636.txt" 165 2709 0.80140273163529 0.104466592838686 0.044296788482835 0.0173495754891104 0.008859357696567 0.023624953857512 2.78368401624216
"6666666.879405.txt" 167 3017 0.816705336426914 0.113026184951939 0.0271793172025191 0.0152469340404375 0.00662910175671197 0.0212131256214783 2.39741465031488
"6666666.673140.txt" 169 2951 0.803456455438834 0.113520840393087 0.0352422907488987 0.01592680447306 0.00914944086750254 0.0227041680786174 2.47339884784819
"6666666.879404.txt" 175 2514 0.8587907716786 0.0843277645186953 0.0270485282418457 0.0115354017501989 0.00517104216388226 0.013126491646778 3.07716785998409
"6666666.688639.txt" 184 2469 0.801539084649656 0.112596192790603 0.0352369380315917 0.0153908464965573 0.0101255569056298 0.0251113811259619 3.15147833130822
"6666666.879410.txt" 187 2734 0.824798829553767 0.1016825164594 0.0318215069495245 0.0168251645940015 0.00658376005852231 0.0182882223847842 2.74908558888076
"6666666.688744.txt" 188 2626 0.836252856054836 0.0944402132520944 0.0224676313785225 0.015993907083016 0.0114242193450114 0.0194211728865194 2.9032749428789
"6666666.879423.txt" 192 2962 0.807562457798785 0.118501012829169 0.0337609723160027 0.0111411208642809 0.00675219446320054 0.0222822417285618 2.46049966239028
"6666666.673124.txt" 197 2774 0.825883201153569 0.103460706560923 0.0273972602739726 0.0155010814708003 0.00612833453496756 0.0216294160057678 2.69502523431867
"6666666.673186.txt" 201 2765 0.810849909584087 0.124050632911392 0.0289330922242315 0.0115732368896926 0.00759493670886076 0.016998191681736 2.70705244122966
"6666666.688747.txt" 204 2607 0.836977368622938 0.0920598388952819 0.0283851169927119 0.0115074798619102 0.00958956655159187 0.0214806290755658 2.93172228615267
"6666666.688743.txt" 206 2631 0.841505131128848 0.0874192322310908 0.0258456860509312 0.0148232611174458 0.00988217407829723 0.0205245153933865 2.89585708855948
"6666666.879408.txt" 208 2779 0.811802806765023 0.101115509175963 0.0403022670025189 0.0122346167686218 0.0100755667506297 0.0244692335372436 2.68837711406981
"6666666.879401.txt" 209 2676 0.817638266068759 0.111733931240658 0.0369955156950673 0.0100896860986547 0.00672645739910314 0.0168161434977578 2.83034379671151
"6666666.688735.txt" 209 2811 0.804340092493774 0.105656350053362 0.039843472073995 0.016008537886873 0.0103166133048737 0.023834934187122 2.64638918534329
"6666666.974111.txt" 209 2691 0.82051282051282 0.0958751393534002 0.0360460795243404 0.0156075808249721 0.00817539947974731 0.0237829803047194 2.80899293942772
"6666666.673172.txt" 221 2293 0.855647623201047 0.0937636284343655 0.0248582642825992 0.0100305276929786 0.00348887919755778 0.0122110771914522 3.47012647187091
"6666666.673174.txt" 222 2451 0.849041207670339 0.087719298245614 0.0273357813137495 0.0101999184006528 0.0069359445124439 0.0187678498572011 3.18196654426765
"6666666.688740.txt" 223 2700 0.814074074074074 0.100740740740741 0.0348148148148148 0.0196296296296296 0.00888888888888889 0.0218518518518519 2.7962962962963
"6666666.673092.txt" 224 2829 0.80311063980205 0.118062919759632 0.031813361611877 0.015553199010251 0.0102509720749381 0.0212089077412513 2.6231884057971
"6666666.688745.txt" 225 2618 0.839572192513369 0.0886172650878533 0.0286478227654698 0.0110771581359817 0.0110771581359817 0.0210084033613445 2.91520244461421
"6666666.673155.txt" 225 2329 0.8475740661228 0.0966079862601975 0.0244740231859167 0.0120223271790468 0.0068699012451696 0.0124516960068699 3.40103048518678
"6666666.688737.txt" 229 2809 0.80811676753293 0.101815592737629 0.0366678533285867 0.0206479174083304 0.0092559629761481 0.0234959060163759 2.64898540405838
"6666666.673232.txt" 246 2720 0.806985294117647 0.120220588235294 0.0301470588235294 0.0132352941176471 0.00992647058823529 0.0194852941176471 2.76838235294118
"6666666.688616.txt" 249 2718 0.785504047093451 0.11037527593819 0.0367917586460633 0.0239146431199411 0.0132450331125828 0.0301692420897719 2.77115526122149
"6666666.673131.txt" 255 2476 0.817043618739903 0.116720516962843 0.0306946688206785 0.0105008077544426 0.00646203554119548 0.018578352180937 3.13974151857835
"6666666.688736.txt" 257 2775 0.796396396396396 0.108108108108108 0.045045045045045 0.0162162162162162 0.00720720720720721 0.027027027027027 2.69369369369369
"6666666.688734.txt" 257 2787 0.812343021169717 0.0979547900968784 0.0348044492285612 0.0186580552565483 0.0125583064226767 0.0236813778256189 2.67778973806961
"6666666.673191.txt" 257 2395 0.857202505219207 0.0835073068893528 0.0279749478079332 0.0116910229645094 0.00542797494780793 0.01419624217119 3.27974947807933
"6666666.673157.txt" 262 2517 0.839491458085022 0.0937624155740961 0.0270162892332141 0.0139054429876838 0.00715137067938021 0.0186730234406039 3.07230830353596
"6666666.879400.txt" 263 2589 0.82889146388567 0.11201235998455 0.0254924681344148 0.0131324835843955 0.00424874468906914 0.0162224797219003 2.95905755117806
"6666666.673153.txt" 270 2514 0.838504375497216 0.096260938743039 0.0254574383452665 0.013126491646778 0.00795544948289578 0.0186953062848051 3.07716785998409
"6666666.688738.txt" 278 2750 0.824363636363636 0.092 0.0349090909090909 0.016 0.012 0.0207272727272727 2.72727272727273
"6666666.974113.txt" 288 2676 0.815022421524664 0.101270553064275 0.0377428998505232 0.0142002989536622 0.00747384155455904 0.0242899850523169 2.83034379671151
"6666666.673180.txt" 295 2657 0.808430560782838 0.103123823861498 0.0357546104629281 0.0184418517124577 0.0116672939405344 0.0225818592397441 2.85773428678961
"6666666.974112.txt" 295 2704 0.810650887573965 0.104659763313609 0.0321745562130177 0.0218195266272189 0.00924556213017752 0.0214497041420118 2.79068047337278
"6666666.688733.txt" 296 2801 0.817565155301678 0.091038914673331 0.0335594430560514 0.0189218136379864 0.0099964298464834 0.0289182434844698 2.65940735451624
"6666666.688731.txt" 299 2812 0.811877667140825 0.0970839260312945 0.0352062588904694 0.0188477951635846 0.00889046941678521 0.0280938833570413 2.64509246088193
"6666666.688742.txt" 303 2625 0.834285714285714 0.0857142857142857 0.0297142857142857 0.0175238095238095 0.0118095238095238 0.020952380952381 2.9047619047619
"6666666.688739.txt" 304 2728 0.807184750733138 0.105205278592375 0.0403225806451613 0.0164956011730205 0.00806451612903226 0.0227272727272727 2.75733137829912
"6666666.688730.txt" 305 2801 0.790431988575509 0.114601927882899 0.032488397001071 0.0203498750446269 0.0121385219564441 0.0299892895394502 2.65940735451624
"6666666.673168.txt" 316 2445 0.819631901840491 0.122699386503067 0.0245398773006135 0.0114519427402863 0.00613496932515337 0.0155419222903885 3.19222903885481
"6666666.673143.txt" 343 2552 0.814263322884012 0.115987460815047 0.033307210031348 0.0129310344827586 0.00744514106583072 0.0160658307210031 3.01645768025078
"6666666.673163.txt" 348 2715 0.8 0.100552486187845 0.0405156537753223 0.0224677716390424 0.0110497237569061 0.025414364640884 2.77532228360958
"6666666.688741.txt" 351 2677 0.817332835263355 0.0945087784833769 0.0358610384759059 0.019798281658573 0.00747104968248039 0.0250280164363093 2.8289129622712
"6666666.688624.txt" 354 2730 0.776190476190476 0.126373626373626 0.0406593406593407 0.0161172161172161 0.0102564102564103 0.0304029304029304 2.75457875457875
"6666666.673165.txt" 368 2515 0.836580516898608 0.100198807157058 0.0230616302186879 0.0147117296222664 0.00675944333996024 0.0186878727634195 3.07554671968191
"6666666.673076.txt" 383 2764 0.812952243125905 0.111432706222865 0.0372648335745297 0.0112156295224313 0.00506512301013025 0.0220694645441389 2.70839363241679
"6666666.879422.txt" 391 2685 0.826443202979516 0.116201117318436 0.023463687150838 0.0145251396648045 0.00484171322160149 0.0145251396648045 2.81750465549348
"6666666.673151.txt" 395 2472 0.83252427184466 0.107605177993528 0.0254854368932039 0.00768608414239482 0.0093042071197411 0.0173948220064725 3.14644012944984
"6666666.688732.txt" 405 2802 0.805852962169879 0.104568165596003 0.0321199143468951 0.0174875089221984 0.0121341898643826 0.0278372591006424 2.65810135617416
"6666666.879399.txt" 421 3124 0.773687580025608 0.131241997439181 0.0380921895006402 0.0182458386683739 0.00800256081946223 0.030729833546735 2.28104993597951
"6666666.879416.txt" 424 2556 0.833724569640063 0.106025039123631 0.0285602503912363 0.0121283255086072 0.00704225352112676 0.0125195618153365 3.01017214397496
"6666666.673072.txt" 443 2773 0.808510638297872 0.114677244861161 0.0403894698882077 0.00757302560403895 0.00613054453660296 0.0227190768121168 2.69635773530472
"6666666.688612.txt" 456 3018 0.800198807157058 0.1129887342611 0.0308151093439364 0.0165672630881378 0.0115970841616965 0.0278330019880716 2.39628893306826
"6666666.879414.txt" 480 2973 0.799192734611504 0.122771611167171 0.0349815001681803 0.0114362596703666 0.00639085099226371 0.0252270433905146 2.447695930037
"6666666.673074.txt" 487 2766 0.813087490961678 0.111352133044107 0.037237888647867 0.0108459869848156 0.00578452639190166 0.0216919739696312 2.705712219812
"6666666.673032.txt" 504 2836 0.799365303244006 0.119534555712271 0.0334978843441467 0.0141043723554302 0.00916784203102962 0.0243300423131171 2.61424541607898
"6666666.879396.txt" 512 3005 0.788685524126456 0.123460898502496 0.0415973377703827 0.0149750415973378 0.00599001663893511 0.0252911813643927 2.41098169717138
"6666666.879417.txt" 560 3005 0.778369384359401 0.125790349417637 0.0405990016638935 0.0193011647254576 0.00798668885191348 0.0279534109816972 2.41098169717138
"6666666.688618.txt" 626 2658 0.77163280662152 0.121143717080512 0.0436418359668924 0.0191873589164786 0.0112866817155756 0.0331075996990218 2.85628291948834
"6666666.673178.txt" 708 2505 0.794810379241517 0.130139720558882 0.0343313373253493 0.0135728542914172 0.00798403193612774 0.0191616766467066 3.09181636726547
"6666666.673161.txt" 719 2529 0.80347963621985 0.125741399762752 0.0284697508896797 0.0138394622380388 0.00830367734282325 0.0201660735468565 3.05298536971135
"6666666.879420.txt" 731 2708 0.79615952732644 0.134785819793205 0.0365583456425406 0.0103397341211226 0.00553914327917282 0.0166174298375185 2.78508124076809
"6666666.688610.txt" 1022 2884 0.749306518723994 0.129680998613037 0.0461165048543689 0.018377253814147 0.0131761442441054 0.0433425797503467 2.55409153952843
"6666666.688607.txt" 1115 2917 0.741172437435722 0.13232773397326 0.048680150839904 0.0174837161467261 0.0140555365101131 0.0462804250942749 2.51388412752828
"6666666.673082.txt" 1148 2651 0.752546208977744 0.160316861561675 0.04149377593361 0.014711429649189 0.00943040362127499 0.021501320256507 2.86646548472275
